,sample,AD_0,AD_S,AD_L,CT_0,CT_S,CT_L
01,A_AD_rep1,1,0,0,0,0,0
02,A_AD_rep2,1,0,0,0,0,0
03,A_AD_rep3,1,0,0,0,0,0
04,A_AD_rep4,1,0,0,0,0,0
05,A_AD_rep5,1,0,0,0,0,0
06,A_CT_rep1,0,0,0,1,0,0
07,A_CT_rep2,0,0,0,1,0,0
08,A_CT_rep3,0,0,0,1,0,0
09,A_CT_rep4,0,0,0,1,0,0
10,A_CT_rep5,0,0,0,1,0,0
11,B_AD_rep1,0,1,0,0,0,0
12,B_AD_rep2,0,1,0,0,0,0
13,B_AD_rep3,0,1,0,0,0,0
14,B_AD_rep4,0,1,0,0,0,0
15,B_AD_rep5,0,1,0,0,0,0
16,B_CT_rep1,0,0,0,0,1,0
17,B_CT_rep2,0,0,0,0,1,0
18,B_CT_rep3,0,0,0,0,1,0
19,B_CT_rep4,0,0,0,0,1,0
20,B_CT_rep5,0,0,0,0,1,0
21,C_AD_rep1,0,0,1,0,0,0
22,C_AD_rep2,0,0,1,0,0,0
23,C_AD_rep3,0,0,1,0,0,0
24,C_AD_rep4,0,0,1,0,0,0
25,C_AD_rep5,0,0,1,0,0,0
26,C_CT_rep1,0,0,0,0,0,1
27,C_CT_rep2,0,0,0,0,0,1
28,C_CT_rep3,0,0,0,0,0,1
29,C_CT_rep4,0,0,0,0,0,1
30,C_CT_rep5,0,0,0,0,0,1
31,D_AD_rep1,0,1,1,0,0,0
32,D_AD_rep2,0,1,1,0,0,0
33,D_AD_rep3,0,1,1,0,0,0
34,D_AD_rep4,0,1,1,0,0,0
35,D_AD_rep5,0,1,1,0,0,0
36,D_CT_rep1,0,0,0,0,1,1
37,D_CT_rep2,0,0,0,0,1,1
38,D_CT_rep3,0,0,0,0,1,1
39,D_CT_rep4,0,0,0,0,1,1
40,D_CT_rep5,0,0,0,0,1,1 
